0000000000000000000000000000000001000000
0000000000000000000000000000000001000000
0000000000000000000000000000000000000000
0000000000000000000000000000000001000000
0000000000000000000000000000000001000000
0000000000000000000000000000000001000000
0000000000000000000000000000000001000000
0000000000000000000000000000000001000000
0000000000000000000000000000000001000000
0000000000000000000000000000000001003000
1111110111111111111111111111111111111111
0000000000000000000000000000000000000000
0000000000000000000000000000000000000000
0000000000000000000000000000000000000000
0000000000000000000000000000000000000000
0000000000000000000000000000000000000000
0000000000000000000000000000000000000000
0000000000000000000000000000000000000000
0000000000000000000000000000000000000000
0000000000000000000000000000000000000000
0000000000000000000000000000000000000000
0000000000000000000000000000000000000000
0000000000000000000000000000000000000000
0000000000000000000110000000000000000000
0000000000000000000000000000000000000000
0000000000000000000000000000000000000000
0000000000000000000000000000000000000000
0000000000000000000000000000000000000000
0000000000000000000000000000000000000000
0000400000000000000000000000000000000000
318
300
