0000000000000000001000000000000000000000
0000000000000000001000000000000000000000
0000000000000000001000000000000000000000
0000000000000000001000000000000000000000
0000000000000000001000000000000000000000
0000000000000000001000000000000000000000
0000000000000000001000000000000000000000
0000000000000000001000000000000000000000
0000000000000000001000000000000000000000
0000000000000000001000000000000000000000
0000000000000000001000000000000000000000
0000000000000000001000000000000000000000
0000000000000000001000000000000000000000
0000000000000000001000000000000000000000
0000000000000000001000000000000000000000
0000000000000000001000000000000000000000
0000000000000000001000000000000000000000
0000000000000000001000000000000000000000
0000000000000000001000000000000000000000
0000000000000000001000000000000000000000
0000000000000000001000000000000000000000
0000000000000000001000000000000000000000
0000000004300000001000000000000000000000
0000000000000000001000000000000000000000
0000000000000000001000000000000000000000
0000000000000000001000000000000000000000
0000000000000000001000000000000000000000
0000000000000000001000000000000000000000
0000000000000000000000000000000000000000
0000000000000000001000000000000000000000
546
15
