0000000000000000000000000000000000000000
0000000000000000000000000000000000000000
0000000000000000000000000000000000000000
0000000000000000000000000000000000000000
0000000000000000000000000000000000000000
0000000000000000000000000000000000000000
0000000000000000000000000000000000000000
0000000000000000000000000000000000000000
0000000000000000000000000000000000000000
0000000000100000000000000000100000000000
0000000000100000000000000000100000000000
0000000000100000000000000000100000000000
0000000000100000000000000000100000000000
0000000000100000000000000000100000000000
0000000000100000000000000000100000000000
0000000000100000000000000000100000000000
0000000000100000000000000000100000000000
0000000000100000000000000000100000000000
0000000002500000000000000000520000000000
0000000000100000000000000000100000000000
0000000000100000000000000000100000000000
0000000000100000000000000000100000000000
0000000000100000000000000000100000000000
0000000000100000000000000000100000000000
0000000000100000000000000000100000000000
0000000000100000000000000000100000000000
0000000000100000000000000000100000000000
0000000030100000000000000000100400000000
0000000010100000000000000000100500000000
0000000000100000055155000000100000000000
310
400
