0000000000000000000000000000000000000000
0000000000000000000000000000000000000000
0000000000000000000000000000000000000000
0000000000000000000000000000000000000000
0000000000000000000000000000000000000000
0000000000000000000000000000000000000000
0000000000000000000000000000000000000000
0000000000000000000000000000000000000000
0000000000000000000000000000000000000000
0000000000000000000000000000000000000000
0000000000000000000000000000000000000000
0000000000000000000000000000000000000000
0000000000000000000000000000000000000000
0000000000000000000000000000000000000000
0000000000000000000000000000000000000000
0000000000000000000000000000000000000000
0000000000000000000000000000000000000000
0000000000000000000000000000000000000000
0000000000000000000000000000000000000000
0000005000000000000000000000000000000000
0000002000000000000000000000000000000000
0000001000000000000000000000000000000000
0000003000000000000000000000000000000000
0000001000000000000000000000000000000000
0000002000000000000000000000000000000000
0000001000000000000000000000000000000000
0000000000000000000000000000000000000000
0000001000000000000000000000000000000040
0000000000000000000000000000000000000111
0000000000000000000000000000000000000000
100
420
