0000000000010000000000000000000000000000
0000000000010000000000000000000000000000
0000000000010000000000000000000000000000
0000000000010000000000000000000000000000
0000000000010000000000000000000000000000
0000000000010000000000000000000000000000
0000000000010000000000000000000000000000
0000000000010000000000000000000000000000
0000000000010000000000000000000000000000
0000000000010000000000000000000000000000
0000000000010000000000000000000000000000
0000000000010000000000000000000000000000
0000000000010000000000000000000000000000
0000000000010000000000000000000000000000
0000000000050000000000000000000000000000
0000000000050000000000000000000000000000
0000000000050000000000000000000000000000
0000000000010000000000000000000000000000
0000000000000000000000000000000000000000
0000000000011000000000000000000000000000
0000000000010000000000000000000000000000
0000000000010000000000000000000000000000
0000000000050000000000000000000000000000
0000000000310000000000000000000000000000
0000000000050000000000000000000000000000
0000000000000000000000000000000000000000
0000000000000000000000000000000000000000
0000000000000000000000000000000000000040
0110000000000000000000000000000000000010
0000000000000000000000000000000000000000
25
400
