0000000000000000000000000000000000000000
0000000000000000000000000000000000000000
0000000000000000000000000000000000000000
0000000000000000000000000000000000000000
0000000000000000000000000000000000000000
0000000000000000000000000000000000000000
0000000000000000000000000000000000000000
0000000000000000000000000000000000000000
0000000000000000000000000000000000000000
0000000000100000000000000000100000000000
0000000000100000000000000000100000000000
0000000000100000000000000000100000000000
0000000000100000000000000000100000000000
0000000000100000000000000000100000000000
0000000000100000000000000000100000000000
0000000000100000000000000000100000000000
0000000000100000000000000000100000000000
0000000000100000000000000000100000000000
0000000002100000000000000000120000000000
0000000000100000000000000000100000000000
0000000000100000000000000000100000000000
0000000000100000000000000000100000000000
0000000000100000000000000000100000000000
0000000000100000000000000000100000000000
0000000000100000000000000000100000000000
0000000000100000000000000000100000000000
0000000000100000000000000000100000000000
0000000030100000000000000000100400000000
0000000010100000000000000000100100000000
0000000000100000011111000000100000000000
310
400
