0000000001000000000000000000000000000000
0000000001000000000000000000000000000000
0000000001000000000000000000000000000000
0000000001000000000000000000000000000000
0000000001000000000000000000000000000000
0000000001000000000000000000000000000000
0000000001000000000000000000000000000000
0000000001000000000000000000000000000000
0000000001000000000000000000000000000000
0000000001000000000000000000000000000000
0000000001000000000000000000000000000000
0000000001000000000000000000000000000000
0000000001000000000000000000000000000000
0000000001000000000000000000000000000000
0000000001000000000000000000000000000000
0000000001000000000000000000000000000000
0000000000000000000000000000000000000000
0000000001000000000000000000000000000000
0000030001000000000000000000000000000000
0000010001000000000000000000000000000000
0000000001000000000000000000000000000000
0000000001000000000111111000000000000000
0000000001000000000000000000000000000000
0000000001000000000000000000000000000000
0000000000000000000000000000000000000000
0000000000000000000000000000000000000000
0000040000000000000000000000000000000000
0000010000000000000000000000000000000000
0000000000000000000000000000000000000000
0000000000000000000000000000000000000000
312
300
